00000000: 01000101 01101110 01000011 01110100 00110010 01100001  EnCt2a
00000006: 01100010 01100101 00110100 01100011 00111000 00111000  be4c88
0000000c: 01100001 01100101 00110111 01100001 00110001 01100011  ae7a1c
00000012: 00111000 01100011 00110011 01100010 01100100 00110010  8c3bd2
00000018: 01100001 00110001 01100001 01100011 00110001 00110100  a1ac14
0000001e: 00110010 00111001 01100001 00111001 00110111 00110100  29a974
00000024: 00110000 00110111 00110110 01100101 01100001 00110100  076ea4
0000002a: 01100110 00110110 01100011 01100001 01100010 01100101  f6cabe
00000030: 00110100 01100011 00111000 00111000 01100001 01100101  4c88ae
00000036: 00110111 01100001 00110001 01100011 00111000 01100011  7a1c8c
0000003c: 00110011 01100010 01100100 00110010 01100001 00110001  3bd2a1
00000042: 01100001 01100011 00110001 00111001 01100001 00110111  ac19a7
00000048: 01110100 01010000 01110100 01001001 01001100 01100011  tPtILc
0000004e: 01110111 01001111 00001010 00110110 01010001 01010000  wO.6QP
00000054: 00111001 01111001 01001001 01000110 01101011 00111001  9yIFk9
0000005a: 01001001 01101000 01000110 00110110 01000001 01101011  IhF6Ak
00000060: 01001001 01010010 01110000 01100011 01111000 01101110  IRpcxn
00000066: 00110010 01110011 01100011 00111000 01100110 01100011  2sc8fc
0000006c: 01001110 01101100 01100111 00111000 00110110 01010100  Nlg86T
00000072: 00110010 01010100 00101111 01001101 01101100 01110001  2T/Mlq
00000078: 01011001 01011000 01001110 01101000 01110110 01000010  YXNhvB
0000007e: 01110110 01010010 01111001 01101000 01100100 01000010  vRyhdB
00000084: 01101000 01101010 01100001 01110010 01000110 00110111  hjarF7
0000008a: 01010101 00110111 01001100 01010011 01001011 01100101  U7LSKe
00000090: 01000010 00110001 00110101 01100111 01101110 00110000  B15gn0
00000096: 00110101 01111010 00111001 01010110 01001010 01001001  5z9VJI
0000009c: 01000110 01001111 01100110 01111001 01010010 00001010  FOfyR.
000000a2: 01100001 01000001 01110110 00110101 01001000 00101011  aAv5H+
000000a8: 01001000 01110111 00110111 01111000 01101101 01010100  Hw7xmT
000000ae: 01001001 01000011 01110011 01110011 01101101 01110000  ICssmp
000000b4: 01110110 00111001 01000111 01101010 01110100 01001010  v9GjtJ
000000ba: 00110110 01010010 01100001 01000100 01101101 01101100  6RaDml
000000c0: 01001001 01111001 01111010 01101101 00111001 01110110  Iyzm9v
000000c6: 00110010 00110010 01110010 01110111 01101111 01001100  22rwoL
000000cc: 00111001 01101000 00110000 01100001 01001010 01000001  9h0aJA
000000d2: 01000010 01001000 00110110 01100010 01000111 01100111  BH6bGg
000000d8: 01010000 01110100 01011010 01101011 00110100 00110111  PtZk47
000000de: 01110110 01100110 01101100 01011001 00101111 01010110  vflY/V
000000e4: 01110100 01001111 01100110 01110100 01100110 01100011  tOftfc
000000ea: 01100001 01111001 01010000 01100010 01000001 01011001  ayPbAY
000000f0: 01100111 01101010 00001010 01000001 01110011 01110011  gj.Ass
000000f6: 01000111 01010100 01100111 00101111 00111001 01111010  GTg/9z
000000fc: 00110100 00111000 01010110 01110000 00110000 01000001  48Vp0A
00000102: 01000100 01101101 01010110 00110011 01000100 01000111  DmV3DG
00000108: 00101011 01010111 01001111 01100010 01001010 01010110  +WObJV
0000010e: 01001010 01001011 01100001 00110110 01000100 01101011  JKa6Dk
00000114: 01110101 01001100 01110010 00110001 00110010 01010001  uLr12Q
0000011a: 01100010 01100010 01101100 01111001 01110011 01001010  bblysJ
00000120: 01100110 01110100 01100011 01100100 00110111 01000111  ftcd7G
00000126: 01001000 01001111 01000001 01100011 01110111 01101110  HOAcwn
0000012c: 01101010 01000101 00110011 00110100 01011000 01111000  jE34Xx
00000132: 01010000 00110100 01101001 00101011 01000101 00110101  P4i+E5
00000138: 01110010 01000100 01111000 01101110 01100001 01010011  rDxnaS
0000013e: 01000100 01101001 00101011 01101110 01010111 00001010  Di+nW.
00000144: 01010110 01110000 01101100 01110011 01101001 01001111  VplsiO
0000014a: 01110101 01001001 01101100 01101101 01010011 00111001  uIlmS9
00000150: 01101111 01001111 00111001 00110101 00111000 01010000  oO958P
00000156: 01110101 01101011 00110100 00110010 01100011 01110010  uk42cr
0000015c: 00101111 01111010 01000011 01101011 01110001 01010001  /zCkqQ
00000162: 01001001 01110000 01000011 01101101 01101111 01110110  IpCmov
00000168: 01010001 01010111 01001111 01001001 01001011 01001010  QWOIKJ
0000016e: 00110011 00110000 01100111 01100111 01110101 01010001  30gguQ
00000174: 00101011 00110100 01001111 01010011 01010110 00110000  +4OSV0
0000017a: 01010001 01100111 01110101 01101110 01101001 01001111  QguniO
00000180: 01101111 01001101 00110101 00111000 01010110 01010101  oM58VU
00000186: 00110000 00110101 00110011 01001011 00101011 01001100  053K+L
0000018c: 01011001 01010110 01010101 01011001 00101111 01100110  YVUY/f
00000192: 01001011 01101100 00001010 00111000 01101010 01101001  Kl.8ji
00000198: 01101101 01000110 01111000 01110110 01111010 01100001  mFxvza
0000019e: 00111001 01100011 01110101 01001011 01101011 01001000  9cuKkH
000001a4: 00110100 01011000 01100010 01010111 01000111 01110000  4XbWGp
000001aa: 01001001 01110111 01000101 01101101 01010011 00001010  IwEmS.
000001b0: 00001010 01000100 01100101 01100011 01110010 01111001  .Decry
000001b6: 01110000 01110100 00100000 01101001 01110100 00100000  pt it 
000001bc: 01100001 01110100 00100000 01101000 01110100 01110100  at htt
000001c2: 01110000 01110011 00111010 00101111 00101111 01100101  ps://e
000001c8: 01101110 01100011 01101001 01110000 01101000 01100101  nciphe
000001ce: 01110010 00101110 01101001 01110100                    r.it
